%YAML:1.0
---
K1: !!opencv-matrix
   rows: 3
   cols: 3
   dt: d
   data: [ 8.4830288056990707e+02, 0., 6.9857406302099537e+02, 0.,
       8.4791573791802557e+02, 5.1155607694711455e+02, 0., 0., 1. ]
D1: !!opencv-matrix
   rows: 1
   cols: 5
   dt: d
   data: [ -4.1821624241583505e-01, 2.3989849215458406e-01,
       -3.3684501444526953e-04, -4.9140972901451330e-04,
       -9.1363121343288459e-02 ]
K2: !!opencv-matrix
   rows: 3
   cols: 3
   dt: d
   data: [ 8.4928797426907511e+02, 0., 6.7972609943836767e+02, 0.,
       8.4867216964943350e+02, 5.2274849532490646e+02, 0., 0., 1. ]
D2: !!opencv-matrix
   rows: 1
   cols: 5
   dt: d
   data: [ -4.2134968885411700e-01, 2.4907580788010095e-01,
       -8.6841514620748903e-04, -1.8547061055525579e-05,
       -9.7765899620475771e-02 ]
R: !!opencv-matrix
   rows: 3
   cols: 3
   dt: d
   data: [ 9.9988792575632879e-01, -3.5909506832934234e-03,
       1.4534132237478181e-02, 3.5154253710098123e-03,
       9.9998020366299745e-01, 5.2186268856000469e-03,
       -1.4552584346679064e-02, -5.1669483547256024e-03,
       9.9988075535712373e-01 ]
T: !!opencv-matrix
   rows: 3
   cols: 1
   dt: d
   data: [ -6.2639474572606552e+01, -2.3177141938817467e-01,
       -5.5984956020923571e-01 ]
E: !!opencv-matrix
   rows: 3
   cols: 3
   dt: d
   data: [ 5.3409824777041724e-03, 5.6103602819275122e-01,
       -2.2882213592124151e-01, -1.4713530526427210e+00,
       -3.2164453792303077e-01, 6.2623868223290010e+01,
       1.1541045642377040e-02, -6.2639066820195069e+01,
       -3.2352344964620927e-01 ]
F: !!opencv-matrix
   rows: 3
   cols: 3
   dt: d
   data: [ -4.8632106962701355e-09, -5.1108240446865569e-07,
       4.4159115801347028e-04, 1.3407068891280380e-06,
       2.9321850333194279e-07, -4.9493537285487152e-02,
       -7.0647173115205358e-04, 4.8656015913592990e-02, 1. ]
R1: !!opencv-matrix
   rows: 3
   cols: 3
   dt: d
   data: [ 9.9972409517016114e-01, 6.2878386796172162e-05,
       2.3488924677624694e-02, -1.2336930507961526e-04,
       9.9999668001942787e-01, 2.5738551117645749e-03,
       -2.3488684854993828e-02, -2.5760427850224916e-03,
       9.9972078386285068e-01 ]
R2: !!opencv-matrix
   rows: 3
   cols: 3
   dt: d
   data: [ 9.9995321719250974e-01, 3.6999125240401928e-03,
       8.9372296414486196e-03, -3.6768854894087474e-03,
       9.9998988204204953e-01, -2.5915876650060414e-03,
       -8.9467278625938139e-03, 2.5586052532750475e-03,
       9.9995670386257762e-01 ]
P1: !!opencv-matrix
   rows: 3
   cols: 4
   dt: d
   data: [ 8.4829395378372953e+02, 0., 6.6762424468994141e+02, 0., 0.,
       8.4829395378372953e+02, 5.1706414413452148e+02, 0., 0., 0., 1.,
       0. ]
P2: !!opencv-matrix
   rows: 3
   cols: 4
   dt: d
   data: [ 8.4829395378372953e+02, 0., 6.6762424468994141e+02,
       -5.3139173547858096e+04, 0., 8.4829395378372953e+02,
       5.1706414413452148e+02, 0., 0., 0., 1., 0. ]
Q: !!opencv-matrix
   rows: 4
   cols: 4
   dt: d
   data: [ 1., 0., 0., -6.6762424468994141e+02, 0., 1., 0.,
       -5.1706414413452148e+02, 0., 0., 0., 8.4829395378372953e+02, 0.,
       0., 1.5963627153887532e-02, 0. ]
